idna_subject,checker_type,destination,tested_at
allosexe-.myblox.fr,AVAILABILITY,origin.list,2023-07-29 05:01:57.663351
websitealive[0-9].com,AVAILABILITY,origin.list,2023-07-29 05:01:57.730482
mailto:info@mypornbible.com,AVAILABILITY,origin.list,2023-07-29 05:01:57.769875
adtrackone.eu$document,AVAILABILITY,origin.list,2023-07-29 05:01:57.919067
247?realmedia.com,AVAILABILITY,origin.list,2023-07-29 05:01:58.052108
javakiba.org*,AVAILABILITY,origin.list,2023-07-29 05:01:58.213457
xy.nullrefexcep.com,AVAILABILITY,origin.list,2023-07-29 05:01:58.278981
hurensohn.pr0gramm.com,AVAILABILITY,origin.list,2023-07-29 05:01:58.289214
hans.pr0gramm.com,AVAILABILITY,origin.list,2023-07-29 05:01:58.438533
crywebber.github.io,AVAILABILITY,origin.list,2023-07-29 05:01:58.653611
host.d-ns.ga,AVAILABILITY,origin.list,2023-07-29 05:01:58.660063
web.die-news.pw,AVAILABILITY,origin.list,2023-07-29 05:01:58.762027
mangas-porno-.has.it,AVAILABILITY,origin.list,2023-07-29 05:01:58.888883
static.hk.rs,AVAILABILITY,origin.list,2023-07-29 05:01:59.097346
xn--freecelebritytube-tz2jja.com,AVAILABILITY,origin.list,2023-07-29 05:01:59.134583
xn--publicsluts-qf3f.net,AVAILABILITY,origin.list,2023-07-29 05:01:59.218455
m.pr0gramm.com,AVAILABILITY,origin.list,2023-07-29 05:01:59.239124
film-porno-.ze.cx,AVAILABILITY,origin.list,2023-07-29 05:01:59.317074
"adblade.com,popup",AVAILABILITY,origin.list,2023-07-29 05:01:59.599488
st.kjli.fi,AVAILABILITY,origin.list,2023-07-29 05:01:59.643301
alyssa-.ifrance.com,AVAILABILITY,origin.list,2023-07-29 05:01:59.662802
telemetry.appex.bing.net:443,AVAILABILITY,origin.list,2023-07-29 05:01:59.706852
"moherland.pl,",AVAILABILITY,origin.list,2023-07-29 05:01:59.781983
