idna_subject,checker_type,destination,tested_at
xn--freecelebritytube-tz2jja.com,AVAILABILITY,origin.list,2022-07-18 05:20:50.349446
xn--publicsluts-qf3f.net,AVAILABILITY,origin.list,2022-07-18 05:20:50.589786
host.d-ns.ga,AVAILABILITY,origin.list,2022-07-18 05:20:50.610240
"adblade.com,popup",AVAILABILITY,origin.list,2022-07-18 05:20:50.726970
web.die-news.pw,AVAILABILITY,origin.list,2022-07-18 05:20:50.747674
allosexe-.myblox.fr,AVAILABILITY,origin.list,2022-07-18 05:20:51.018993
247?realmedia.com,AVAILABILITY,origin.list,2022-07-18 05:20:51.044203
film-porno-.ze.cx,AVAILABILITY,origin.list,2022-07-18 05:20:51.119076
adtrackone.eu$document,AVAILABILITY,origin.list,2022-07-18 05:20:51.182407
javakiba.org*,AVAILABILITY,origin.list,2022-07-18 05:20:51.422931
alyssa-.ifrance.com,AVAILABILITY,origin.list,2022-07-18 05:20:51.453420
telemetry.appex.bing.net:443,AVAILABILITY,origin.list,2022-07-18 05:20:51.523619
mangas-porno-.has.it,AVAILABILITY,origin.list,2022-07-18 05:20:51.548778
"moherland.pl,",AVAILABILITY,origin.list,2022-07-18 05:20:51.601820
mailto:info@mypornbible.com,AVAILABILITY,origin.list,2022-07-18 05:20:51.873074
websitealive[0-9].com,AVAILABILITY,origin.list,2022-07-18 05:20:51.936546
hurensohn.pr0gramm.com,AVAILABILITY,origin.list,2022-07-18 05:20:52.001092
crywebber.github.io,AVAILABILITY,origin.list,2022-07-18 05:20:52.018896
hans.pr0gramm.com,AVAILABILITY,origin.list,2022-07-18 05:20:52.053955
m.pr0gramm.com,AVAILABILITY,origin.list,2022-07-18 05:20:52.298812
xbasfbno.info,AVAILABILITY,origin.list,2022-07-18 05:20:52.451016
st.kjli.fi,AVAILABILITY,origin.list,2022-07-18 05:20:52.501822
static.hk.rs,AVAILABILITY,origin.list,2022-07-18 05:20:52.728460
