idna_subject,checker_type,destination,tested_at
xn--publicsluts-qf3f.net,AVAILABILITY,origin.list,2022-09-05 05:56:23.945974
xn--freecelebritytube-tz2jja.com,AVAILABILITY,origin.list,2022-09-05 05:56:24.024192
film-porno-.ze.cx,AVAILABILITY,origin.list,2022-09-05 05:56:24.186682
adtrackone.eu$document,AVAILABILITY,origin.list,2022-09-05 05:56:24.394542
web.die-news.pw,AVAILABILITY,origin.list,2022-09-05 05:56:24.474446
"adblade.com,popup",AVAILABILITY,origin.list,2022-09-05 05:56:24.574502
host.d-ns.ga,AVAILABILITY,origin.list,2022-09-05 05:56:24.648880
alyssa-.ifrance.com,AVAILABILITY,origin.list,2022-09-05 05:56:24.892818
allosexe-.myblox.fr,AVAILABILITY,origin.list,2022-09-05 05:56:24.966076
247?realmedia.com,AVAILABILITY,origin.list,2022-09-05 05:56:25.096420
mailto:info@mypornbible.com,AVAILABILITY,origin.list,2022-09-05 05:56:25.113237
telemetry.appex.bing.net:443,AVAILABILITY,origin.list,2022-09-05 05:56:25.165169
"moherland.pl,",AVAILABILITY,origin.list,2022-09-05 05:56:25.395587
javakiba.org*,AVAILABILITY,origin.list,2022-09-05 05:56:25.492850
mangas-porno-.has.it,AVAILABILITY,origin.list,2022-09-05 05:56:25.634702
websitealive[0-9].com,AVAILABILITY,origin.list,2022-09-05 05:56:25.640919
hurensohn.pr0gramm.com,AVAILABILITY,origin.list,2022-09-05 05:56:25.725974
m.pr0gramm.com,AVAILABILITY,origin.list,2022-09-05 05:56:25.894438
hans.pr0gramm.com,AVAILABILITY,origin.list,2022-09-05 05:56:26.070455
crywebber.github.io,AVAILABILITY,origin.list,2022-09-05 05:56:26.159786
static.hk.rs,AVAILABILITY,origin.list,2022-09-05 05:56:26.610044
st.kjli.fi,AVAILABILITY,origin.list,2022-09-05 05:56:27.376559
