idna_subject,checker_type,destination,tested_at
xn--freecelebritytube-tz2jja.com,AVAILABILITY,origin.list,2022-05-14 05:52:23.764429
xn--publicsluts-qf3f.net,AVAILABILITY,origin.list,2022-05-14 05:52:23.765452
"adblade.com,popup",AVAILABILITY,origin.list,2022-05-14 05:52:23.896682
adtrackone.eu$document,AVAILABILITY,origin.list,2022-05-14 05:52:24.098578
allosexe-.myblox.fr,AVAILABILITY,origin.list,2022-05-14 05:52:24.106705
web.die-news.pw,AVAILABILITY,origin.list,2022-05-14 05:52:24.184554
247?realmedia.com,AVAILABILITY,origin.list,2022-05-14 05:52:24.236813
host.d-ns.ga,AVAILABILITY,origin.list,2022-05-14 05:52:24.311119
mangas-porno-.has.it,AVAILABILITY,origin.list,2022-05-14 05:52:24.518320
crywebber.github.io,AVAILABILITY,origin.list,2022-05-14 05:52:24.575267
hans.pr0gramm.com,AVAILABILITY,origin.list,2022-05-14 05:52:24.635474
hurensohn.pr0gramm.com,AVAILABILITY,origin.list,2022-05-14 05:52:24.667214
javakiba.org*,AVAILABILITY,origin.list,2022-05-14 05:52:24.725591
alyssa-.ifrance.com,AVAILABILITY,origin.list,2022-05-14 05:52:24.904541
film-porno-.ze.cx,AVAILABILITY,origin.list,2022-05-14 05:52:24.968320
telemetry.appex.bing.net:443,AVAILABILITY,origin.list,2022-05-14 05:52:25.094472
mailto:info@mypornbible.com,AVAILABILITY,origin.list,2022-05-14 05:52:25.126831
"moherland.pl,",AVAILABILITY,origin.list,2022-05-14 05:52:25.171588
websitealive[0-9].com,AVAILABILITY,origin.list,2022-05-14 05:52:25.321365
m.pr0gramm.com,AVAILABILITY,origin.list,2022-05-14 05:52:25.414160
st.kjli.fi,AVAILABILITY,origin.list,2022-05-14 05:52:25.546221
static.hk.rs,AVAILABILITY,origin.list,2022-05-14 05:52:25.922860
